0;0
-103.821;777.602
-103.821;10.9521
-103.821;10.9521
-103.821;10.9521
-103.821;10.9521
-103.821;10.9521
-103.821;10.9521
-103.821;10.9521
-103.821;10.9521
-103.821;10.9521
-103.821;10.9521
-103.821;10.9521
-103.821;10.9521
-103.821;10.9521
-103.821;10.9521
-103.821;10.9521
-103.821;10.9521
-105.494;23.4807
-105.494;11.1286
-105.494;11.1286
-106.878;21.4992
-106.878;11.2747
-106.878;11.2747
-106.878;11.2747
-116.338;82.1295
-119.108;33.0137
-119.108;12.5647
-121.877;33.3058
-121.877;12.8569
-121.877;12.8569
-132.722;94.0823
-132.722;14.0009
-138.836;59.7989
-138.836;14.6459
-141.606;35.387
-141.606;14.9381
-142.99;25.3086
-142.99;15.0841
-144.375;25.4548
-145.759;25.6007
-145.759;15.3763
-145.759;15.3763
-148.529;36.1173
-148.529;15.6684
-146.856;3.13992
-140.165;-34.622
-140.165;14.7861
-138.492;2.25774
-138.492;14.6096
-138.492;14.6096
-139.877;24.9802
-139.877;14.7557
-138.204;2.22724
-138.204;14.5792
-139.589;24.9498
-138.204;4.35479
-138.204;14.5792
-139.589;24.9498
-139.589;14.7253
-139.589;14.7253
-139.589;14.7253
-136.82;-6.01574
-136.82;14.4332
-138.204;24.8037
-138.204;14.5792
-138.204;14.5792
-138.204;14.5792
-138.204;14.5792
-138.204;14.5792
-138.204;14.5792
-136.82;4.20872
-139.877;37.3322
-139.877;14.7557
-139.877;14.7557
-139.877;14.7557
-139.877;14.7557
-139.877;14.7557
-139.877;14.7557
-139.877;14.7557
-139.589;12.5978
-138.204;4.35479
-133.186;-23.006
-131.513;1.5213
-131.513;13.8734
-131.513;13.8734
-131.513;13.8734
-133.186;26.402
-133.186;14.0499
-133.186;14.0499
-136.531;39.1067
-136.531;14.4028
-136.531;14.4028
-136.531;14.4028
-136.531;14.4028
-137.916;24.7733
-137.916;14.5489
-136.531;4.17833
-136.531;14.4028
-138.204;26.9313
-139.877;27.1077
-139.877;14.7557
-142.934;37.6546
-142.934;15.0782
-142.934;15.0782
-141.55;4.7077
-141.55;14.9322
-141.55;14.9322
-141.55;14.9322
-141.55;14.9322
-141.55;14.9322
-141.55;14.9322
-142.934;25.3027
-142.934;15.0782
-136.531;-32.8776
-137.916;24.7733
-137.916;14.5489
-136.531;4.17833
-136.531;14.4028
-137.916;24.7733
-137.916;14.5489
-135.147;-6.19219
-132.378;-6.48432
-132.378;13.9646
-129.608;-6.77656
-122.685;-38.1802
-122.685;12.9422
-122.685;12.9422
-107.975;-97.237
-80.5706;-193.863
-65.3399;-105.577
-60.3776;-30.2736
-44.5706;-112.022
-44.5706;4.70179
-44.5706;4.70179
-44.5706;4.70179
-16.8224;-203.128
-5.16923;-85.5055
-5.16923;0.545305
14.5594;-147.219
24.5958;-76.7066
30.7105;-48.3926
37.4014;-53.3535
37.4014;-3.9455
59.1469;-166.815
59.1469;-6.23944
59.1469;-6.23944
84.2378;-194.166
84.2378;-8.8863
100.389;-129.855
107.08;-60.7039
107.08;-11.2959
115.443;-73.9382
115.443;-12.1782
123.807;-74.8204
123.807;-13.0605
123.807;-13.0605
126.056;-29.9048
126.056;-13.2977
129.69;-40.5126
128.305;-3.31039
128.305;-13.535
125.536;7.20603
125.536;-13.2428
124.151;-2.87231
117.228;38.756
117.228;-12.3665
114.459;8.37465
114.459;-12.0743
114.459;-12.0743
106.151;50.1489
106.151;-11.1979
103.382;9.54316
103.382;-10.9058
101.997;-0.53529
99.228;9.98136
99.228;-10.4676
99.228;-10.4676
101.997;-31.2087
101.997;-10.7598
103.382;-21.1303
103.382;-10.9058
103.382;-10.9058
111.69;-73.1291
111.69;-11.7822
118.613;-63.6349
118.613;-12.5125
118.613;-12.5125
125.536;-64.3652
125.536;-13.2428
135.228;-85.8367
135.228;-14.2653
136.613;-24.6357
137.997;-24.782
137.997;-14.5574
137.997;-14.5574
137.997;-14.5574
137.997;-14.5574
137.997;-14.5574
137.997;-14.5574
137.997;-14.5574
137.997;-14.5574
137.997;-14.5574
137.997;-14.5574
137.997;-14.5574
137.997;-14.5574
137.997;-14.5574
137.997;-14.5574
137.997;-14.5574
137.997;-14.5574
137.997;-14.5574
137.997;-14.5574
137.997;-14.5574
137.997;-14.5574
137.997;-14.5574
137.997;-14.5574
137.997;-14.5574
137.997;-14.5574
135.228;6.18364
131.074;16.8464
131.074;-13.8271
131.074;-13.8271
129.69;-3.45657
129.69;-13.681
131.074;-24.0516
131.074;-13.8271
133.843;-34.5681
133.843;-14.1192
135.228;-24.4899
135.228;-14.2653
135.228;-14.2653
137.997;-35.0063
137.997;-14.5574
137.997;-14.5574
137.997;-14.5574
137.997;-14.5574
137.997;-14.5574
137.997;-14.5574
137.997;-14.5574
137.997;-14.5574
137.997;-14.5574
137.997;-14.5574
137.997;-14.5574
137.997;-14.5574
137.997;-14.5574
137.997;-14.5574
137.997;-14.5574
137.997;-14.5574
137.997;-14.5574
137.997;-14.5574
137.997;-14.5574
137.997;-14.5574
137.997;-14.5574
137.997;-14.5574
137.997;-14.5574
137.997;-14.5574
137.997;-14.5574
136.613;-4.18678
137.997;-24.782
136.613;-4.18678
136.613;-14.4113
137.997;-24.782
137.997;-14.5574
137.997;-14.5574
137.997;-14.5574
137.997;-14.5574
137.997;-14.5574
137.997;-14.5574
137.997;-14.5574
137.997;-14.5574
137.997;-14.5574
137.997;-14.5574
137.997;-14.5574
137.997;-14.5574
136.324;-2.02894
136.324;-14.381
136.324;-14.381
136.324;-14.381
136.324;-14.381
137.997;-26.9094
137.997;-14.5574
137.997;-14.5574
136.613;-4.18678
136.613;-14.4113
135.228;-4.04094
135.228;-14.2653
135.228;-14.2653
133.843;-3.89465
133.843;-14.1192
133.843;-14.1192
135.228;-24.4899
135.228;-14.2653
135.228;-14.2653
135.228;-14.2653
135.228;-14.2653
135.228;-14.2653
135.228;-14.2653
131.074;16.8464
131.074;-13.8271
131.074;-13.8271
125.536;27.6551
125.536;-13.2428
121.382;17.8687
121.382;-12.8046
117.228;18.307
103.382;91.339
101.997;-0.53529
101.997;-10.7598
101.997;-10.7598
93.6895;51.4635
92.3049;0.487158
90.9203;0.633279
92.3049;-19.9618
92.3049;-9.7373
93.6895;-20.1078
97.8434;-40.995
97.8434;-10.3216
101.997;-41.4332
101.997;-10.7598
106.151;-41.8714
115.843;-83.7917
115.843;-12.2204
121.382;-53.7026
124.151;-33.5457
124.151;-13.0968
129.69;-54.5789
129.69;-13.681
133.843;-44.7926
133.843;-14.1192
133.843;-14.1192
133.843;-14.1192
133.843;-14.1192
135.228;-24.4899
135.228;-14.2653
135.228;-14.2653
136.613;-24.6357
136.613;-14.4113
137.997;-24.782
137.997;-14.5574
137.997;-14.5574
137.997;-14.5574
137.997;-14.5574
137.997;-14.5574
137.997;-14.5574
137.997;-14.5574
137.997;-14.5574
137.997;-14.5574
137.997;-14.5574
137.997;-14.5574
136.324;-2.02894
134.652;-1.85249
132.979;-1.67603
134.652;-26.5565
134.652;-14.2045
134.652;-14.2045
134.652;-14.2045
134.652;-14.2045
134.652;-14.2045
131.883;6.53655
125.192;36.2015
123.807;-2.83596
125.192;-23.4311
125.192;-13.2065
117.116;47.2778
113.771;12.7023
113.771;-12.0017
113.194;-7.6859
113.194;-11.941
104.543;52.8592
94.5063;64.1424
91.1608;15.0874
82.7972;53.0257
79.4518;16.3226
76.1063;16.6755
76.1063;-8.0285
76.1063;-8.0285
66.0699;67.1423
66.0699;-6.96976
62.7245;18.0872
62.7245;-6.61685
62.7245;-6.61685
56.0336;43.4969
56.0336;-5.91102
42.9399;92.1587
39.8825;18.3692
39.8825;-4.20723
27.365;89.5467
27.365;-2.88676
27.365;-2.88676
22.9231;30.3828
22.9231;-2.41817
19.5776;22.6387
19.5776;-2.06526
13.4629;43.7327
12.0783;8.95031
12.0783;-1.27415
12.0783;-1.27415
12.0783;-1.27415
5.67552;46.6818
2.33007;24.4582
0.945465;10.1247
0.945465;-0.0997377
0.945465;-0.0997377
-6.55385;56.0689
-7.93846;11.0619
-7.93846;0.837433
-7.93846;0.837433
-7.93846;0.837433
-7.93846;0.837433
-7.93846;0.837433
-7.93846;0.837433
-7.93846;0.837433
-7.93846;0.837433
-5.16923;-19.9037
-2.39999;-20.1958
-2.39999;0.253177
-4.36084;14.9396
-4.36084;0.460028
-6.03357;12.9885
-6.03357;0.636485
-6.03357;0.636485
-9.37902;25.6934
-9.37902;0.989399
-7.9944;-9.38118
-2.97622;-36.742
-2.97622;0.313963
-1.3035;-12.2144
0.369232;-12.391
0.369232;-0.0389505
5.38742;-37.6244
5.38742;-0.568322
5.38742;-0.568322
5.38742;-0.568322
5.38742;-0.568322
7.06014;-13.0967
7.06014;-0.744779
7.06014;-0.744779
7.06014;-0.744779
8.44476;-11.1153
12.5986;-32.0025
12.5986;-1.32903
12.3105;0.828853
12.3105;-1.29864
15.0797;-22.0397
15.0797;-1.59077
15.0797;-1.59077
16.4643;-11.9614
13.407;21.1622
16.4643;-24.3134
16.4643;-1.73683
16.4643;-1.73683
17.3287;-8.21044
17.3287;-1.82801
15.9441;8.54251
14.5594;8.68863
14.5594;-1.53588
14.5594;-1.53588
20.1538;-43.4371
20.1538;-2.12604
16.8084;22.9308
16.8084;-1.77313
18.7692;-16.4595
18.7692;-1.97998
18.7692;-1.97998
20.1538;-12.3505
20.1538;-2.12604
20.1538;-2.12604
22.9231;-22.8671
22.9231;-2.41817
20.9622;12.2681
20.9622;-2.21132
22.3469;-12.5818
20.6741;10.171
20.6741;-2.18093
26.5007;-45.821
26.5007;-2.79558
26.5007;-2.79558
26.5007;-2.79558
26.5007;-2.79558
32.6154;-48.5935
29.2699;21.6163
29.2699;-3.0877
27.5972;9.44071
27.5972;-2.91125
29.2699;-15.4397
29.2699;-3.0877
29.2699;-3.0877
29.2699;-3.0877
27.5972;9.44071
27.5972;-2.91125
29.2699;-15.4397
29.2699;-3.0877
34.2881;-40.6731
34.2881;-3.61708
34.2881;-3.61708
34.2881;-3.61708
34.2881;-3.61708
32.9035;6.75351
32.9035;-3.47101
32.9035;-3.47101
31.5189;6.89946
31.5189;-3.32495
36.8252;-43.0681
36.8252;-3.88471
36.8252;-3.88471
34.0559;16.8564
34.0559;-3.59258
34.0559;-3.59258
36.8252;-24.3337
36.8252;-3.88471
38.2098;-14.2553
38.2098;-4.03078
39.5944;-14.4012
35.9608;23.0379
35.9608;-3.79353
35.9608;-3.79353
35.9608;-3.79353
40.979;-41.3788
40.979;-4.3229
40.979;-4.3229
40.979;-4.3229
40.979;-4.3229
40.979;-4.3229
40.979;-4.3229
35.9608;33.2624
35.9608;-3.79353
35.9608;-3.79353
37.6336;-16.3219
39.5944;-18.6563
35.9608;23.0379
37.6336;-16.3219
35.9608;8.55842
35.9608;-3.79353
35.9608;-3.79353
34.5762;6.57705
34.5762;-3.64747
35.9608;-14.0181
35.9608;-3.79353
35.9608;-3.79353
35.9608;-3.79353
35.9608;-3.79353
35.9608;-3.79353
35.9608;-3.79353
35.9608;-3.79353
29.2699;46.3203
32.6154;-28.1446
32.6154;-3.44062
32.6154;-3.44062
32.6154;-3.44062
27.5972;34.1447
27.5972;-2.91125
27.5972;-2.91125
27.5972;-2.91125
27.5972;-2.91125
25.9245;9.61728
27.5972;-15.2633
27.5972;-2.91125
26.2126;7.45933
26.2126;-2.76518
26.2126;-2.76518
23.4434;17.9759
23.4434;-2.47306
19.2895;28.6386
19.2895;-2.03486
17.9049;8.33572
13.4629;31.3808
13.4629;-1.42021
13.4629;-1.42021
13.4629;-1.42021
15.4238;-16.1066
15.4238;-1.62706
15.4238;-1.62706
15.1357;0.530823
15.1357;-1.59667
13.4629;10.9319
13.4629;-1.42021
16.2322;-22.1613
16.2322;-1.71234
16.2322;-1.71234
16.2322;-1.71234
17.6168;-12.0829
19.0014;-12.2289
17.6168;8.36606
15.9441;10.6701
17.3287;-12.0525
10.9259;46.1278
10.9259;-1.15258
10.9259;-1.15258
10.9259;-1.15258
10.9259;-1.15258
9.54126;9.218
9.54126;-1.00651
6.77203;19.7345
5.38742;9.65614
5.38742;-0.568322
5.38742;-0.568322
5.38742;-0.568322
4.0028;9.80226
4.0028;-0.422258
4.0028;-0.422258
-1.01539;37.1632
-1.01539;0.107114
-2.39999;10.4776
-2.39999;0.253177
-2.39999;0.253177
-2.39999;0.253177
-2.39999;0.253177
-2.39999;0.253177
-2.39999;0.253177
-2.39999;0.253177
-2.39999;0.253177
-2.39999;0.253177
-4.07272;12.7816
-4.07272;0.429634
-4.07272;0.429634
-2.68812;-9.94083
-2.68812;0.283571
-2.68812;0.283571
-9.37902;50.3973
-9.37902;0.989399
-9.37902;0.989399
-9.37902;0.989399
-9.37902;0.989399
-11.0517;13.5178
-12.4363;11.5363
-11.0517;-9.05855
-11.0517;1.16586
-11.0517;1.16586
-11.0517;1.16586
-12.4363;11.5363
-16.8783;34.5816
-16.8783;1.7805
-16.5902;-0.37744
-16.5902;1.75011
-16.5902;1.75011
-16.3021;-0.407777
-16.3021;1.71972
-19.3594;24.6187
-19.3594;2.04224
-19.3594;2.04224
-20.4559;10.2549
-20.4559;2.15791
-20.4559;2.15791
-20.4559;2.15791
-17.6867;-18.5831
-17.6867;1.86578
-17.6867;1.86578
-17.6867;1.86578
-17.6867;1.86578
-17.6867;1.86578
-19.3594;14.3942
-19.3594;2.04224
-22.1287;22.7833
-22.1287;2.33437
-23.5133;12.7049
-23.5133;2.48043
-23.5133;2.48043
-28.8196;42.2238
-28.8196;3.0402
-27.1469;-9.48827
-27.1469;2.86374
-27.1469;2.86374
-29.9161;23.6048
-29.9161;3.15587
-29.9161;3.15587
-32.6853;23.8969
-34.0699;13.8185
-32.6853;-6.77647
-30.7245;-11.2384
-30.7245;3.24114
-30.7245;3.24114
-30.7245;3.24114
-29.0517;-9.28738
-29.0517;3.06469
-27.6671;-7.30584
-25.9944;-9.60979
-25.9944;2.74217
-25.9944;2.74217
-27.379;13.1127
-27.379;2.88823
-27.379;2.88823
-27.379;2.88823
-30.4364;25.7872
-30.4364;3.21075
-32.1091;15.7393
-33.4937;13.7577
-33.4937;3.53327
-33.4937;3.53327
-33.4937;3.53327
-33.4937;3.53327
-33.4937;3.53327
-33.4937;3.53327
100
0.105491
0
7.38435
439.009
